Loading data...
Searching through conditions...
0
1
2
3
4
5
6
7
8
9
10
11
12
13
14
15
16
17
18
19
20
21
22
23
24
25
26
27
28
29
30
31
32
33
34
35
36
37
38
39
40
41
42
43
44
45
46
47
48
49
50
51
52
53
54
55
56
57
58
59
60
61
62
63
64
65
66
67
68
69
70
71
72
73
74
75
76
77
78
79
80
81
82
83
84
85
86
87
88
89
90
91
92
93
94
95
96
97
98
99
Best ignition occured at p = 83, t = 881
Ignition detected after 0.6613306653326663 s
Initial temperature was 881.9061350328426
Ignition temperature is 1034.0405864704321
Final temperature is 1052.9037575136738
Initial conditions of particle:
881.9061350328426,101325.00000021396,H=1.1636247155941894e-05,H2=0.022754941415572758,O=1.9895064116812003e-05,OH=2.0993869462435053e-05,H2O=0.05131099405277086,O2=0.18045534227727603,HO2=0.0002361082973661372,H2O2=7.296032306490985e-05,N2=0.7451171284532138,AR=0.0,HE=0.0,CO=0.0,CO2=0.0
